name: blast
channels:
  - bioconda
  - conda-forge
  - defaults
  - r
dependencies:
  - blast=2.7.1=h96bfa4b_5
  - perl-archive-tar=2.18=pl526_3
  - perl-carp=1.38=pl526_1
  - perl-compress-raw-bzip2=2.069=pl526_2
  - perl-compress-raw-zlib=2.069=pl526ha92aebf_7
  - perl-exporter=5.72=pl526_1
  - perl-exporter-tiny=1.000000=pl526_0
  - perl-extutils-makemaker=7.34=pl526_0
  - perl-io-compress=2.069=pl526_4
  - perl-io-zlib=1.10=pl526_2
  - perl-list-moreutils=0.428=pl526_1
  - perl-list-moreutils-xs=0.428=pl526_0
  - perl-pathtools=3.73=h470a237_2
  - perl-scalar-list-utils=1.45=pl526h470a237_3
  - perl-test-more=1.001002=pl526_1
  - perl-xsloader=0.24=pl526_0
  - boost=1.66.0=py36_1
  - boost-cpp=1.66.0=1
  - bzip2=1.0.6=h470a237_2
  - ca-certificates=2018.4.16=0
  - certifi=2018.4.16=py36_0
  - gmp=6.1.2=hfc679d8_0
  - gnutls=3.5.17=0
  - icu=58.2=hfc679d8_0
  - libidn11=1.33=0
  - mkl_fft=1.0.2=py36_0
  - mkl_random=1.0.1=py36_0
  - ncurses=5.9=10
  - nettle=3.3=0
  - openssl=1.0.2o=0
  - pcre=8.41=1
  - perl=5.26.2=h470a237_0
  - pip=9.0.3=py36_0
  - python=3.6.5=1
  - readline=7.0=0
  - setuptools=40.0.0=py36_0
  - sqlite=3.20.1=2
  - tk=8.6.7=0
  - wheel=0.31.1=py36_0
  - xz=5.2.3=0
  - zlib=1.2.11=h470a237_3
  - intel-openmp=2018.0.3=0
  - libgcc-ng=7.2.0=hdf63c60_3
  - libgfortran-ng=7.2.0=hdf63c60_3
  - libstdcxx-ng=7.2.0=hdf63c60_3
  - mkl=2018.0.3=1
  - numpy=1.14.2=py36hdbf6ddf_1
  - pip:
    - powerline-status==2.6

